11 16 13 17 8 5 6 9 2 14 4 1 10 7 15 12 3 
5 7 16 12 10 3 14 2 6 11 17 15 8 9 1 4 13 
9 16 7 1 5 2 13 3 10 8 4 15 11 17 12 6 14 
9 13 4 6 8 10 3 11 12 15 17 14 7 16 1 5 2 
17 16 9 15 14 13 11 6 7 12 5 8 1 3 4 2 10 
15 5 11 4 1 14 9 6 2 17 10 16 3 13 8 7 12 
8 2 4 11 17 3 13 10 5 14 9 16 1 12 15 6 7 
10 15 1 5 17 12 7 14 3 8 11 13 16 4 2 6 9 
3 2 10 6 14 1 9 8 15 12 4 16 11 7 17 13 5 
1 8 14 7 13 10 15 11 9 4 2 5 6 16 12 17 3 
4 14 13 8 11 16 5 15 12 2 10 1 3 7 9 17 6 
13 2 12 3 17 7 9 5 15 1 4 14 10 6 16 11 8 
3 1 4 15 16 8 12 9 6 14 2 5 7 11 13 17 10 
16 5 15 17 8 3 7 4 13 1 14 6 12 9 10 11 2 
6 7 4 17 12 16 3 8 13 15 9 1 10 2 11 14 5 
6 12 10 5 9 13 11 2 16 7 15 14 8 4 3 1 17 
14 5 3 10 11 8 6 13 12 7 4 9 1 17 2 16 15 
14 17 1 11 10 4 7 3 2 9 12 16 5 8 6 15 13 
2 8 14 3 15 17 1 16 5 10 13 11 12 6 9 4 7 
12 13 17 11 3 16 14 1 15 7 6 10 4 9 2 8 5 
14 6 15 4 2 3 9 7 10 12 13 8 17 5 16 11 1 
4 9 12 3 17 6 15 11 10 5 7 14 2 1 13 8 16 
8 7 5 16 6 2 9 15 3 1 13 12 17 14 11 10 4 
8 9 12 1 15 4 6 13 3 5 16 10 14 17 11 2 7 
6 5 13 12 16 1 4 2 8 14 11 10 17 3 9 7 15 
16 11 1 12 6 8 4 10 17 2 15 7 14 5 13 9 3 
10 12 2 9 8 1 17 11 13 5 6 7 4 3 15 16 14 
15 2 13 14 4 7 6 1 5 17 16 11 9 12 10 8 3 
9 1 10 16 13 14 17 15 8 12 7 2 6 11 3 5 4 
