12 13 6 1 9 10 7 4 8 11 2 3 15 5 14 
14 11 10 5 3 4 8 9 15 1 2 7 6 13 12 
4 15 13 8 14 2 12 1 11 5 10 6 7 9 3 
3 11 7 8 10 14 15 9 12 13 6 2 1 5 4 
12 2 10 1 9 6 13 5 14 8 7 15 3 11 4 
6 11 13 15 4 2 5 1 3 7 14 12 10 9 8 
5 9 15 10 4 7 2 12 14 13 8 3 11 1 6 
4 1 7 9 3 6 12 2 5 11 15 8 13 14 10 
8 1 15 6 4 14 5 12 7 11 2 3 9 10 13 
5 2 11 3 6 14 7 13 12 1 8 9 4 15 10 
14 6 10 3 7 1 5 12 15 8 13 4 2 11 9 
14 9 8 7 4 5 13 15 10 6 11 1 3 12 2 
9 12 11 7 6 3 14 5 10 2 15 4 1 13 8 
8 7 13 3 5 14 4 1 2 9 12 6 10 15 11 
2 5 4 10 11 13 8 6 1 12 14 3 15 9 7 
