5 10 3 4 7 6 9 2 13 11 8 12 1 
7 12 10 2 1 9 13 3 8 5 11 6 4 
7 3 9 10 12 13 4 6 8 11 2 1 5 
6 8 7 13 1 11 2 5 4 3 9 10 12 
8 10 7 5 1 12 4 9 3 13 6 2 11 
12 9 6 2 4 1 7 5 11 3 8 13 10 
7 2 10 11 13 4 9 5 12 1 8 6 3 
8 4 12 13 7 11 9 5 10 3 2 6 1 
10 5 9 11 1 13 2 6 12 3 4 7 8 
1 3 4 11 2 8 10 6 9 12 5 7 13 
13 3 7 4 2 12 6 5 10 8 1 11 9 
2 9 4 8 12 3 5 1 6 13 10 11 7 
5 13 1 6 7 8 9 3 11 12 10 4 2 
6 1 12 9 11 7 10 8 5 13 3 2 4 
11 12 3 6 13 9 8 1 7 4 2 10 5 
12 8 5 4 3 10 11 7 1 2 6 13 9 
9 3 1 2 11 10 8 4 13 12 7 6 5 
3 13 5 6 2 1 4 7 10 9 12 8 11 
11 4 5 2 9 3 7 13 1 12 10 6 8 
2 6 4 9 10 1 3 13 5 8 12 7 11 
1 10 5 2 8 7 3 12 6 11 13 4 9 
6 13 10 11 3 12 8 2 9 4 5 7 1 
4 9 8 6 11 13 5 7 12 2 3 10 1 
1 5 13 11 4 10 12 9 6 2 8 3 7 
