9 13 12 14 17 2 15 5 4 11 10 16 3 8 6 7 18 1 
11 15 16 6 4 12 10 14 2 1 7 9 13 17 3 5 18 8 
7 10 9 4 8 11 17 14 12 16 6 15 13 5 3 18 1 2 
16 14 3 7 8 1 15 18 11 10 12 13 6 17 5 2 9 4 
10 3 2 12 4 15 17 7 9 18 5 14 16 13 1 8 11 6 
2 18 14 15 10 5 1 9 4 12 3 7 6 13 11 17 16 8 
14 15 8 13 12 16 3 18 11 9 17 7 4 1 6 5 2 10 
1 14 2 5 12 8 15 4 3 11 18 6 16 9 10 7 13 17 
2 8 16 6 11 4 13 9 3 10 18 17 1 12 14 7 15 5 
15 1 10 12 5 11 17 6 14 13 9 4 7 8 3 2 18 16 
4 5 1 13 7 12 2 9 18 16 17 6 14 15 3 11 8 10 
6 14 16 7 1 12 4 5 11 13 15 2 3 17 8 18 9 10 
1 5 13 6 8 17 7 10 18 15 12 9 2 16 4 11 3 14 
3 9 17 5 7 15 16 10 11 12 14 4 18 2 1 6 8 13 
2 10 8 18 13 11 3 14 16 4 1 15 7 12 17 5 9 6 
17 6 10 13 15 12 3 8 7 1 2 11 4 16 18 14 5 9 
4 2 18 7 11 3 17 6 10 8 12 5 15 13 14 1 9 16 
3 1 13 14 6 10 17 4 9 16 2 12 5 8 18 15 7 11 
1 11 5 6 9 13 3 8 14 18 4 16 7 15 2 10 17 12 
8 10 1 9 14 15 6 5 11 3 16 13 2 18 17 7 12 4 
1 7 8 2 15 14 13 12 5 3 10 4 17 9 6 16 11 18 
7 4 15 9 1 2 14 6 5 8 13 17 11 16 12 18 10 3 
16 7 5 12 17 4 8 18 6 2 3 15 11 10 14 1 9 13 
7 16 2 5 15 6 10 18 3 8 11 1 13 12 9 17 14 4 
11 9 16 5 18 1 15 17 2 7 4 12 8 13 10 3 6 14 
8 15 9 13 6 4 7 18 16 14 17 10 5 2 1 11 12 3 
15 4 3 11 7 5 2 9 8 12 1 14 10 18 17 13 6 16 
13 5 9 2 17 1 15 8 6 18 12 11 14 7 16 3 4 10 
14 6 12 11 17 8 5 9 3 13 15 16 1 10 18 2 4 7 
2 16 4 8 5 14 10 17 6 3 7 12 1 13 9 15 11 18 
12 7 10 13 15 18 11 8 9 14 6 3 2 1 4 17 5 16 
9 14 18 3 8 4 10 13 7 11 17 12 2 15 6 16 1 5 
12 18 2 13 16 17 4 10 11 14 5 9 6 8 15 1 3 7 
3 9 14 2 1 10 6 16 5 17 13 12 7 15 18 8 11 4 
17 12 4 13 1 8 11 14 2 7 10 9 3 6 18 16 5 15 
6 16 9 1 3 12 18 8 15 5 10 2 14 7 4 11 17 13 
10 8 17 18 2 13 6 7 9 1 15 3 4 5 11 14 12 16 
11 17 9 5 8 6 2 18 10 7 1 14 13 16 12 4 3 15 
7 13 2 1 3 10 12 16 6 9 14 8 4 11 18 15 17 5 
14 18 16 2 10 15 6 3 9 4 12 17 1 11 8 5 7 13 
9 7 4 11 16 12 8 3 5 1 2 17 10 15 14 13 18 6 
11 13 14 17 7 18 10 16 6 2 1 3 8 5 4 15 12 9 
6 13 4 5 2 8 17 15 10 14 3 12 16 1 18 7 11 9 
18 10 5 4 16 7 1 3 14 15 8 17 13 11 6 9 12 2 
5 4 12 17 14 10 11 3 2 18 15 8 9 1 13 16 6 7 
1 16 17 12 3 6 10 14 11 15 8 5 18 2 7 13 9 4 
1 15 3 2 14 4 6 17 18 7 8 16 11 5 10 9 12 13 
3 18 10 12 1 15 14 9 16 11 8 2 4 13 7 5 17 6 
14 17 5 1 16 4 18 8 9 11 7 13 6 3 10 2 12 15 
17 9 4 10 3 15 7 16 8 2 1 6 12 11 13 5 14 18 
9 17 11 10 18 4 3 6 14 1 8 16 12 15 5 13 7 2 
5 8 13 6 9 16 12 7 10 3 11 4 2 1 15 18 14 17 
2 12 7 8 17 9 11 5 1 18 4 16 3 6 13 15 10 14 
11 18 7 5 6 10 12 4 13 16 17 2 8 9 1 14 15 3 
16 5 8 14 11 9 6 17 18 4 13 10 12 15 3 2 1 7 
18 3 16 11 6 2 15 5 8 17 12 7 14 9 1 13 10 4 
11 3 4 13 5 16 10 9 15 14 7 6 8 17 1 18 2 12 
8 4 3 16 17 1 9 13 18 5 11 2 6 10 14 15 12 7 
15 17 16 3 10 12 6 13 2 4 5 9 18 11 14 8 7 1 
12 4 10 6 5 11 7 18 1 9 8 13 17 2 14 3 15 16 
9 17 3 18 7 8 2 5 14 16 12 13 6 15 11 4 1 10 
7 1 16 9 10 18 13 6 5 15 12 4 2 14 17 8 3 11 
4 9 14 7 13 18 12 15 1 8 17 5 6 16 3 2 10 11 
8 12 3 2 13 10 15 18 17 1 5 6 7 11 4 9 16 14 
13 11 1 4 8 10 16 7 17 15 6 5 18 12 3 14 9 2 
10 18 16 4 6 9 12 8 3 14 13 2 7 5 17 15 11 1 
17 7 6 2 12 11 18 15 16 14 10 9 5 8 4 13 3 1 
6 17 2 4 12 16 15 5 18 1 10 13 8 14 9 3 11 7 
18 6 4 14 9 11 1 10 15 12 2 13 8 17 5 7 3 16 
13 17 10 8 1 14 7 12 18 5 6 3 16 9 11 15 4 2 
16 12 15 1 2 3 13 9 18 10 8 4 7 6 17 14 5 11 
14 10 13 1 2 11 7 18 4 9 5 15 17 16 6 3 12 8 
6 18 3 5 11 7 4 17 13 1 10 15 2 9 16 14 12 8 
15 4 2 6 17 13 16 11 18 14 7 3 1 12 9 10 5 8 
13 8 9 15 11 5 2 14 4 1 12 6 3 7 18 10 16 17 
6 16 7 2 13 8 10 12 4 14 18 9 1 11 5 17 3 15 
12 10 7 6 15 17 3 16 4 2 13 8 11 9 14 5 1 18 
9 12 2 16 1 3 5 7 18 13 14 6 4 17 11 8 15 10 
16 12 1 18 17 15 7 5 11 14 3 6 2 13 10 4 9 8 
3 5 10 15 13 4 1 8 2 12 16 9 6 7 14 17 18 11 
11 3 7 12 6 13 9 18 10 2 15 5 1 4 8 14 16 17 
6 7 9 5 3 1 17 11 2 15 16 13 14 8 4 10 18 12 
7 15 12 14 3 6 1 11 18 8 17 9 10 16 13 4 2 5 
