13 1 10 3 15 5 6 9 7 14 18 16 2 8 4 12 11 17 
5 18 17 1 16 9 7 11 12 8 2 6 14 10 4 13 3 15 
8 6 15 11 9 3 10 5 4 17 14 7 2 12 1 13 18 16 
10 1 12 16 4 14 13 5 9 15 11 6 7 2 17 18 3 8 
12 17 15 13 9 1 4 3 8 16 14 6 2 11 10 7 5 18 
12 6 11 7 18 10 9 5 2 15 16 3 14 13 17 1 4 8 
3 9 14 1 2 16 15 17 12 10 6 18 13 7 11 5 4 8 
8 3 4 11 9 18 15 6 12 5 16 2 13 10 7 1 17 14 
2 18 7 16 13 17 5 11 8 9 3 10 15 12 14 6 4 1 
17 14 12 4 7 3 5 6 15 13 11 16 8 18 2 1 9 10 
1 3 13 7 11 14 9 15 10 8 17 16 5 18 12 4 6 2 
13 15 7 17 18 11 6 1 4 12 16 8 10 14 3 5 2 9 
5 10 11 4 17 6 8 9 1 12 15 18 2 7 16 3 13 14 
6 14 5 17 13 2 3 4 9 18 8 10 1 7 15 11 16 12 
4 6 14 16 7 1 9 12 13 10 8 3 11 2 5 15 18 17 
16 10 2 4 13 8 1 14 17 7 18 3 12 11 15 5 9 6 
14 7 16 2 10 6 5 18 12 1 3 17 8 15 4 11 9 13 
11 3 8 10 16 13 15 4 1 2 18 7 9 14 12 6 5 17 
18 2 12 7 8 1 15 17 4 13 6 5 10 3 14 16 9 11 
9 12 13 17 4 1 11 5 18 14 3 10 7 2 6 8 16 15 
3 6 16 1 8 18 5 14 11 7 17 15 4 10 13 12 9 2 
10 18 8 14 4 2 15 1 9 16 11 5 13 6 3 12 17 7 
2 8 9 16 4 12 15 5 3 11 14 1 7 18 13 17 6 10 
