1 4 13 9 5 12 6 15 8 11 7 3 16 2 10 14 17 
5 11 8 17 12 7 6 13 4 3 1 2 9 15 10 14 16 
1 3 4 13 2 16 15 9 14 10 8 7 17 11 6 5 12 
9 14 1 10 3 5 7 11 8 12 17 4 16 13 2 15 6 
5 1 14 17 6 15 4 7 13 8 10 9 12 3 2 11 16 
3 15 16 12 13 2 7 4 6 14 5 10 9 1 11 8 17 
10 16 12 5 13 17 11 3 2 15 4 14 8 6 7 1 9 
9 8 5 15 7 4 17 6 14 3 10 13 16 2 11 1 12 
8 14 17 10 3 7 6 2 4 12 11 13 1 16 5 15 9 
1 8 16 6 11 13 15 9 5 3 17 2 14 4 10 12 7 
15 11 9 5 12 8 7 4 14 2 17 16 10 3 6 1 13 
17 10 15 9 11 2 1 14 13 7 5 4 8 3 16 12 6 
17 11 2 8 3 5 1 7 10 12 6 15 16 13 9 14 4 
2 6 12 17 5 3 10 11 4 9 1 13 16 8 15 14 7 
6 10 13 8 3 5 16 15 7 9 12 1 17 2 4 11 14 
3 8 14 2 15 1 13 5 17 16 4 6 12 9 10 7 11 
5 7 3 12 15 9 6 17 16 1 4 2 14 11 8 13 10 
5 2 17 16 14 15 9 12 3 1 8 6 10 7 11 4 13 
14 11 6 16 15 8 10 7 3 4 17 2 1 9 12 5 13 
15 17 5 12 2 10 14 1 16 4 6 3 7 9 8 13 11 
7 5 16 11 9 10 1 12 8 17 14 3 13 15 4 2 6 
1 6 4 9 7 2 3 10 17 11 12 5 8 14 16 13 15 
16 7 1 9 3 10 15 2 14 12 8 5 11 6 17 4 13 
17 16 7 15 13 8 6 9 11 4 12 14 5 2 1 3 10 
13 7 3 11 2 6 10 16 9 4 17 12 8 1 15 5 14 
7 10 8 16 4 5 14 6 13 1 9 2 3 12 11 15 17 
10 17 13 16 6 4 7 9 14 5 11 3 1 2 8 15 12 
8 13 12 7 2 17 1 14 11 10 4 9 3 5 15 16 6 
16 17 8 2 14 13 6 11 10 1 12 15 9 7 4 5 3 
9 16 5 10 17 4 2 6 13 12 1 7 11 3 15 8 14 
6 2 4 13 17 9 12 16 14 3 7 5 15 11 8 1 10 
10 9 13 1 11 7 5 12 14 17 2 8 6 16 4 3 15 
12 14 8 2 11 17 9 1 3 4 6 15 10 16 13 5 7 
13 4 17 9 11 7 14 1 16 15 8 3 10 5 6 2 12 
16 6 4 8 14 3 12 9 2 17 10 5 7 1 15 11 13 
12 17 10 6 7 5 1 2 9 3 14 13 11 15 16 4 8 
10 15 6 3 1 13 16 14 9 4 8 11 12 5 2 17 7 
4 8 10 1 5 14 16 12 11 17 15 3 7 9 6 13 2 
6 16 4 1 10 9 15 11 8 3 17 13 7 5 14 12 2 
4 11 15 13 1 9 3 16 6 5 7 10 17 14 8 2 12 
4 17 7 14 12 10 11 9 2 15 8 6 16 5 3 13 1 
17 5 4 1 12 15 13 14 9 11 7 10 6 2 8 16 3 
5 8 13 3 12 10 14 15 1 2 7 11 16 17 9 6 4 
5 6 15 12 7 11 16 9 14 10 8 2 13 3 17 4 1 
15 2 16 17 9 7 3 13 6 1 14 10 8 12 5 4 11 
12 15 13 4 1 6 16 2 10 5 8 17 9 14 7 3 11 
12 3 6 11 8 16 1 9 13 10 14 2 4 7 5 15 17 
11 14 1 7 5 9 10 4 13 15 16 6 8 12 3 17 2 
11 2 13 14 7 17 16 1 6 15 12 5 4 10 3 9 8 
4 10 15 2 16 14 5 6 11 8 12 13 7 17 9 3 1 
8 3 14 6 12 4 15 16 17 11 5 1 7 13 9 10 2 
3 5 17 1 9 11 6 7 15 14 4 2 10 16 12 13 8 
8 3 13 15 11 10 14 4 5 9 17 2 1 6 16 7 12 
6 10 3 11 1 9 2 8 7 13 17 16 12 4 14 15 5 
2 4 14 11 15 6 9 12 7 8 17 13 10 16 1 3 5 
3 9 15 10 16 4 12 1 14 5 7 17 8 11 6 13 2 
7 14 9 13 4 1 3 16 2 6 12 17 5 15 11 8 10 
12 6 17 15 3 11 14 13 5 2 16 7 8 10 9 4 1 
2 9 11 16 13 3 5 7 1 14 12 8 10 4 17 6 15 
10 7 11 3 9 5 4 8 15 17 1 13 6 12 2 14 16 
10 17 1 14 2 4 3 12 16 15 11 5 9 7 8 13 6 
7 15 10 17 14 11 6 5 16 1 3 12 8 2 4 13 9 
14 4 13 7 8 5 15 6 17 12 2 16 11 3 9 10 1 
13 8 11 17 6 3 12 1 14 16 4 10 9 7 15 2 5 
14 3 10 6 1 17 13 2 8 15 4 9 5 12 7 16 11 
14 3 9 5 2 12 16 10 13 8 11 17 1 6 7 4 15 
11 5 1 4 16 10 8 6 14 13 17 7 2 15 3 9 12 
3 9 11 16 12 2 5 8 15 14 13 4 10 7 6 17 1 
17 3 16 10 2 11 12 8 4 14 1 7 9 15 5 13 6 
15 3 8 10 9 6 13 7 2 12 11 5 16 4 14 1 17 
16 10 14 8 1 15 4 7 2 13 3 6 5 12 17 9 11 
16 13 12 17 6 8 10 9 15 5 4 2 3 11 14 1 7 
2 5 9 4 3 16 15 1 17 13 11 12 6 10 8 7 14 
15 12 2 11 14 13 8 16 5 3 6 1 4 9 17 7 10 
12 4 9 2 16 7 6 11 1 17 3 8 13 5 15 14 10 
8 6 14 9 1 17 16 10 5 13 4 11 15 3 2 7 12 
9 11 10 8 12 13 14 5 16 4 2 6 15 3 1 17 7 
5 9 3 4 8 2 14 6 1 11 15 7 16 12 17 10 13 
2 4 10 8 13 12 11 3 6 17 15 5 9 1 7 14 16 
2 12 1 8 11 7 16 3 15 9 17 5 6 13 10 4 14 
1 3 13 8 15 11 12 17 5 10 16 7 6 2 14 9 4 
11 5 2 13 10 12 9 1 6 17 8 14 15 3 4 16 7 
8 2 4 5 12 16 9 7 10 11 6 15 14 1 3 17 13 
7 17 10 12 2 13 3 4 15 16 5 1 6 8 11 14 9 
1 6 16 7 14 5 12 9 15 11 13 4 17 10 2 3 8 
2 7 9 6 11 10 15 13 17 4 8 16 3 14 12 1 5 
3 5 7 14 16 6 13 10 11 12 2 1 15 17 4 9 8 
4 13 10 2 7 6 5 16 3 17 1 8 14 12 9 11 15 
2 6 15 7 4 1 14 3 17 12 11 10 9 16 13 8 5 
11 8 7 2 1 15 6 12 9 16 14 3 13 17 4 10 5 
12 17 7 4 13 15 1 5 11 8 14 6 10 2 3 9 16 
1 7 17 4 8 14 2 5 13 9 11 16 12 3 15 10 6 
14 9 7 15 12 1 4 3 13 6 10 11 5 2 16 17 8 
15 17 11 13 9 10 8 4 3 12 7 1 16 5 2 6 14 
16 1 5 6 12 15 10 3 8 13 2 4 17 7 11 14 9 
4 8 9 3 15 10 13 1 12 7 17 2 16 5 14 6 11 
9 15 6 4 8 2 7 11 5 1 10 17 14 12 13 3 16 
4 3 9 17 1 14 15 12 16 13 10 6 7 5 8 2 11 
1 11 12 2 10 4 3 6 5 14 8 7 13 16 15 9 17 
5 15 8 12 1 4 11 17 2 10 6 16 9 3 13 7 14 
7 11 8 12 15 5 3 4 1 10 16 14 9 17 6 2 13 
16 13 8 4 9 6 7 17 5 12 15 1 10 3 14 11 2 
11 3 5 6 9 14 17 13 4 8 16 12 7 1 15 10 2 
12 2 1 9 15 5 3 14 17 10 11 8 13 7 4 6 16 
15 3 4 6 10 17 12 7 2 1 13 8 14 5 11 16 9 
13 14 15 10 11 3 2 9 6 7 1 4 17 16 5 8 12 
10 7 15 6 8 5 16 13 11 9 2 14 17 12 4 1 3 
14 17 13 5 6 9 16 10 12 3 11 8 2 7 15 1 4 
4 1 12 5 7 16 3 8 11 2 17 13 6 9 14 10 15 
6 14 2 8 12 13 10 16 17 15 1 4 5 11 7 9 3 
1 10 6 8 14 2 11 9 15 12 17 3 7 16 5 4 13 
2 8 1 15 13 11 16 14 7 10 9 5 17 12 3 4 6 
12 6 5 11 10 16 3 7 17 4 15 9 14 13 1 8 2 
6 7 4 16 2 11 17 15 10 1 5 13 12 3 9 14 8 
10 9 12 16 7 2 3 1 4 11 14 6 8 5 15 13 17 
16 14 11 7 4 10 13 3 12 8 6 9 15 17 1 2 5 
