9 10 12 13 4 6 7 14 2 11 1 3 8 5 
11 13 2 8 7 1 5 4 10 14 3 12 9 6 
4 10 2 9 14 6 1 13 8 7 3 5 11 12 
7 14 5 8 1 9 13 12 11 4 2 6 10 3 
3 10 5 11 1 2 12 8 14 4 13 6 9 7 
8 2 10 6 3 12 7 5 13 14 1 4 9 11 
11 14 9 12 3 7 6 1 5 8 2 10 4 13 
4 3 13 2 12 6 14 8 11 10 5 1 7 9 
3 1 11 10 7 13 5 9 6 4 12 14 8 2 
6 11 12 4 9 8 13 5 2 3 1 14 7 10 
4 10 8 12 1 5 11 6 13 3 7 9 2 14 
5 12 13 9 2 10 14 1 7 11 8 6 4 3 
1 8 13 14 7 12 6 3 2 4 11 9 5 10 
6 14 13 10 3 2 11 5 9 8 12 7 4 1 
1 3 8 9 4 2 5 12 10 11 7 6 14 13 
5 2 9 7 8 3 4 6 13 10 12 11 1 14 
6 5 4 3 7 11 8 9 14 1 12 13 10 2 
7 2 12 4 1 14 5 3 6 10 9 8 11 13 
2 13 11 1 4 5 8 9 7 14 10 6 12 3 
