0: 23 29 43 46 47 53 55 58 59 67 68 69 70 71 77 79 82 83 85 86 87 88 89 91 92 93 94 95 101 103 106 107 109 110 111 112 113 115 116 117 118 119
1: 17 27 37 40 41 51 54 56 57 61 62 63 64 65 77 79 82 83 85 86 87 88 89 91 92 93 94 95 101 103 106 107 109 110 111 112 113 115 116 117 118 119
2: 21 28 42 44 45 53 55 58 59 61 62 63 64 65 67 68 69 70 71 77 79 82 83 91 92 93 94 95 99 102 104 105 109 110 111 112 113 115 116 117 118 119
3: 11 25 31 34 35 53 55 58 59 61 62 63 64 65 67 68 69 70 71 75 78 80 81 85 86 87 88 89 99 102 104 105 109 110 111 112 113 115 116 117 118 119
4: 15 26 36 38 39 51 54 56 57 61 62 63 64 65 67 68 69 70 71 75 78 80 81 85 86 87 88 89 91 92 93 94 95 101 103 106 107 115 116 117 118 119
5: 9 24 30 32 33 51 54 56 57 61 62 63 64 65 67 68 69 70 71 75 78 80 81 85 86 87 88 89 91 92 93 94 95 99 102 104 105 109 110 111 112 113
6: 22 29 31 34 35 43 44 45 46 47 53 67 70 71 76 79 80 81 82 83 85 88 89 90 92 93 94 95 100 103 104 105 106 107 109 112 113 114 116 117 118 119
7: 16 27 30 32 33 37 38 39 40 41 51 61 64 65 76 79 80 81 82 83 85 88 89 90 92 93 94 95 100 103 104 105 106 107 109 112 113 114 116 117 118 119
8: 19 29 31 34 35 37 38 39 40 41 43 44 45 46 47 52 66 68 69 76 85 88 89 90 92 93 94 95 97 103 104 105 106 107 108 110 111 114 116 117 118 119
9: 5 29 31 34 35 37 38 39 40 41 43 44 45 46 47 49 55 58 59 73 79 80 81 82 83 84 86 87 97 103 104 105 106 107 108 110 111 114 116 117 118 119
10: 13 27 30 32 33 37 38 39 40 41 43 44 45 46 47 50 60 62 63 73 79 80 81 82 83 84 86 87 90 92 93 94 95 100 109 112 113 114 116 117 118 119
11: 3 27 30 32 33 37 38 39 40 41 43 44 45 46 47 48 54 56 57 73 79 80 81 82 83 84 86 87 90 92 93 94 95 97 103 104 105 106 107 108 110 111
12: 20 28 37 40 41 42 44 45 46 47 52 55 56 57 58 59 61 64 65 66 68 69 70 71 77 91 94 95 98 102 104 105 106 107 108 110 111 112 113 115 118 119
13: 10 25 31 32 33 34 35 36 38 39 52 55 56 57 58 59 61 64 65 66 68 69 70 71 75 85 88 89 98 102 104 105 106 107 108 110 111 112 113 115 118 119
14: 18 28 31 32 33 34 35 37 40 41 42 44 45 46 47 52 61 64 65 66 68 69 70 71 76 90 92 93 96 102 104 105 106 107 108 110 111 112 113 114 116 117
15: 4 28 31 32 33 34 35 37 40 41 42 44 45 46 47 49 55 56 57 58 59 60 62 63 73 79 82 83 96 102 104 105 106 107 108 110 111 112 113 114 116 117
16: 7 25 31 32 33 34 35 36 38 39 42 44 45 46 47 49 55 56 57 58 59 60 62 63 66 68 69 70 71 74 84 86 87 98 108 110 111 112 113 115 118 119
17: 1 25 31 32 33 34 35 36 38 39 42 44 45 46 47 49 55 56 57 58 59 60 62 63 66 68 69 70 71 72 78 80 81 96 102 104 105 106 107 114 116 117
18: 14 26 36 38 39 40 41 43 46 47 50 54 56 57 58 59 60 62 63 64 65 67 70 71 74 78 80 81 82 83 84 86 87 88 89 91 94 95 101 115 118 119
19: 8 24 30 32 33 34 35 42 44 45 50 54 56 57 58 59 60 62 63 64 65 67 70 71 74 78 80 81 82 83 84 86 87 88 89 91 94 95 99 109 112 113
20: 12 26 30 32 33 34 35 36 38 39 40 41 43 46 47 50 60 62 63 64 65 67 70 71 72 78 80 81 82 83 84 86 87 88 89 90 92 93 100 114 116 117
21: 2 26 30 32 33 34 35 36 38 39 40 41 43 46 47 48 54 56 57 58 59 66 68 69 72 78 80 81 82 83 84 86 87 88 89 90 92 93 97 103 106 107
22: 6 24 30 32 33 34 35 36 38 39 40 41 42 44 45 48 54 56 57 58 59 60 62 63 64 65 66 68 69 74 84 86 87 88 89 91 94 95 98 108 110 111
23: 0 24 30 32 33 34 35 36 38 39 40 41 42 44 45 48 54 56 57 58 59 60 62 63 64 65 66 68 69 72 78 80 81 82 83 90 92 93 96 102 104 105
24: 5 19 22 23 47 49 52 53 59 66 67 69 70 71 73 76 77 83 84 85 87 88 89 90 91 93 94 95 97 100 101 107 108 109 111 112 113 114 115 117 118 119
25: 3 13 16 17 41 48 50 51 57 60 61 63 64 65 73 76 77 83 84 85 87 88 89 90 91 93 94 95 97 100 101 107 108 109 111 112 113 114 115 117 118 119
26: 4 18 20 21 45 49 52 53 59 60 61 63 64 65 66 67 69 70 71 73 76 77 83 90 91 93 94 95 96 98 99 105 108 109 111 112 113 114 115 117 118 119
27: 1 7 10 11 35 49 52 53 59 60 61 63 64 65 66 67 69 70 71 72 74 75 81 84 85 87 88 89 96 98 99 105 108 109 111 112 113 114 115 117 118 119
28: 2 12 14 15 39 48 50 51 57 60 61 63 64 65 66 67 69 70 71 72 74 75 81 84 85 87 88 89 90 91 93 94 95 97 100 101 107 114 115 117 118 119
29: 0 6 8 9 33 48 50 51 57 60 61 63 64 65 66 67 69 70 71 72 74 75 81 84 85 87 88 89 90 91 93 94 95 96 98 99 105 108 109 111 112 113
30: 5 7 10 11 19 20 21 22 23 46 59 69 70 71 73 74 75 76 77 82 87 88 89 90 91 92 94 95 97 98 99 100 101 106 111 112 113 114 115 116 118 119
31: 3 6 8 9 13 14 15 16 17 40 57 63 64 65 73 74 75 76 77 82 87 88 89 90 91 92 94 95 97 98 99 100 101 106 111 112 113 114 115 116 118 119
32: 5 7 10 11 13 14 15 16 17 19 20 21 22 23 43 58 66 67 68 82 87 88 89 90 91 92 94 95 97 98 99 100 101 103 108 109 110 114 115 116 118 119
33: 5 7 10 11 13 14 15 16 17 19 20 21 22 23 29 49 52 53 55 73 74 75 76 77 79 84 85 86 97 98 99 100 101 103 108 109 110 114 115 116 118 119
34: 3 6 8 9 13 14 15 16 17 19 20 21 22 23 37 56 60 61 62 73 74 75 76 77 79 84 85 86 90 91 92 94 95 106 111 112 113 114 115 116 118 119
35: 3 6 8 9 13 14 15 16 17 19 20 21 22 23 27 48 50 51 54 73 74 75 76 77 79 84 85 86 90 91 92 94 95 97 98 99 100 101 103 108 109 110
36: 4 13 16 17 18 20 21 22 23 44 49 50 51 52 53 58 63 64 65 66 67 68 70 71 83 93 94 95 96 98 99 100 101 104 108 109 110 112 113 117 118 119
37: 1 7 8 9 10 11 12 14 15 34 49 50 51 52 53 58 63 64 65 66 67 68 70 71 81 87 88 89 96 98 99 100 101 104 108 109 110 112 113 117 118 119
38: 4 7 8 9 10 11 13 16 17 18 20 21 22 23 42 58 63 64 65 66 67 68 70 71 82 90 91 92 96 98 99 100 101 102 108 109 110 112 113 114 115 116
39: 4 7 8 9 10 11 13 16 17 18 20 21 22 23 28 49 50 51 52 53 55 60 61 62 73 76 77 79 96 98 99 100 101 102 108 109 110 112 113 114 115 116
40: 1 7 8 9 10 11 12 14 15 18 20 21 22 23 31 49 50 51 52 53 55 60 61 62 66 67 68 70 71 80 84 85 86 104 108 109 110 112 113 117 118 119
41: 1 7 8 9 10 11 12 14 15 18 20 21 22 23 25 49 50 51 52 53 55 60 61 62 66 67 68 70 71 72 74 75 78 96 98 99 100 101 102 114 115 116
42: 2 12 14 15 16 17 19 22 23 38 48 50 51 52 53 56 60 61 62 64 65 69 70 71 72 74 75 76 77 80 84 85 86 88 89 93 94 95 107 117 118 119
43: 0 6 8 9 10 11 18 20 21 32 48 50 51 52 53 56 60 61 62 64 65 69 70 71 72 74 75 76 77 80 84 85 86 88 89 93 94 95 105 111 112 113
44: 2 6 8 9 10 11 12 14 15 16 17 19 22 23 36 56 60 61 62 64 65 69 70 71 72 74 75 76 77 78 84 85 86 88 89 90 91 92 106 114 115 116
45: 2 6 8 9 10 11 12 14 15 16 17 19 22 23 26 48 50 51 52 53 54 66 67 68 72 74 75 76 77 78 84 85 86 88 89 90 91 92 97 100 101 103
46: 0 6 8 9 10 11 12 14 15 16 17 18 20 21 30 48 50 51 52 53 54 60 61 62 64 65 66 67 68 80 84 85 86 88 89 93 94 95 104 108 109 110
47: 0 6 8 9 10 11 12 14 15 16 17 18 20 21 24 48 50 51 52 53 54 60 61 62 64 65 66 67 68 72 74 75 76 77 78 90 91 92 96 98 99 102
48: 11 21 22 23 25 28 29 35 42 43 45 46 47 71 75 76 77 78 79 81 82 83 89 90 91 92 93 95 99 100 101 102 103 105 106 107 113 114 115 116 117 119
49: 9 15 16 17 24 26 27 33 36 37 39 40 41 65 75 76 77 78 79 81 82 83 89 90 91 92 93 95 99 100 101 102 103 105 106 107 113 114 115 116 117 119
50: 10 18 19 20 25 28 29 35 36 37 39 40 41 42 43 45 46 47 69 75 76 77 89 90 91 92 93 95 96 97 98 102 103 105 106 107 111 114 115 116 117 119
51: 1 4 5 7 25 28 29 35 36 37 39 40 41 42 43 45 46 47 59 72 73 74 78 79 81 82 83 87 96 97 98 102 103 105 106 107 111 114 115 116 117 119
52: 8 12 13 14 24 26 27 33 36 37 39 40 41 42 43 45 46 47 63 72 73 74 78 79 81 82 83 87 90 91 92 93 95 99 100 101 113 114 115 116 117 119
53: 0 2 3 6 24 26 27 33 36 37 39 40 41 42 43 45 46 47 57 72 73 74 78 79 81 82 83 87 90 91 92 93 95 96 97 98 102 103 105 106 107 111
54: 1 4 5 11 18 19 21 22 23 35 45 46 47 70 72 73 75 76 77 81 82 83 88 90 91 92 93 94 96 97 99 100 101 105 106 107 112 114 115 116 117 118
55: 0 2 3 9 12 13 15 16 17 33 39 40 41 64 72 73 75 76 77 81 82 83 88 90 91 92 93 94 96 97 99 100 101 105 106 107 112 114 115 116 117 118
56: 1 4 5 11 12 13 15 16 17 18 19 21 22 23 34 42 43 44 67 81 82 83 88 90 91 92 93 94 96 97 99 100 101 102 103 104 109 114 115 116 117 118
57: 1 4 5 11 12 13 15 16 17 18 19 21 22 23 25 28 29 31 53 72 73 75 76 77 78 79 80 85 96 97 99 100 101 102 103 104 109 114 115 116 117 118
58: 0 2 3 9 12 13 15 16 17 18 19 21 22 23 32 36 37 38 61 72 73 75 76 77 78 79 80 85 90 91 92 93 94 105 106 107 112 114 115 116 117 118
59: 0 2 3 9 12 13 15 16 17 18 19 21 22 23 24 26 27 30 51 72 73 75 76 77 78 79 80 85 90 91 92 93 94 96 97 99 100 101 102 103 104 109
60: 10 15 16 17 18 19 20 22 23 25 26 27 28 29 34 39 40 41 42 43 44 46 47 68 89 92 93 95 96 97 98 100 101 102 103 104 106 107 110 116 117 119
61: 1 2 3 4 5 7 12 13 14 25 26 27 28 29 34 39 40 41 42 43 44 46 47 58 81 82 83 87 96 97 98 100 101 102 103 104 106 107 110 116 117 119
62: 1 2 3 4 5 10 15 16 17 18 19 20 22 23 34 39 40 41 42 43 44 46 47 66 88 90 91 94 96 97 98 100 101 102 103 104 106 107 108 114 115 118
63: 1 2 3 4 5 10 15 16 17 18 19 20 22 23 25 26 27 28 29 31 36 37 38 52 75 76 77 85 96 97 98 100 101 102 103 104 106 107 108 114 115 118
64: 1 2 3 4 5 7 12 13 14 18 19 20 22 23 25 26 27 28 29 31 36 37 38 42 43 44 46 47 55 78 79 80 86 102 103 104 106 107 110 116 117 119
65: 1 2 3 4 5 7 12 13 14 18 19 20 22 23 25 26 27 28 29 31 36 37 38 42 43 44 46 47 49 72 73 74 84 96 97 98 100 101 108 114 115 118
66: 8 12 13 14 16 17 21 22 23 24 26 27 28 29 32 36 37 38 40 41 45 46 47 62 72 73 74 76 77 78 79 80 82 83 86 92 93 95 113 116 117 119
67: 0 2 3 4 5 6 18 19 20 24 26 27 28 29 32 36 37 38 40 41 45 46 47 56 72 73 74 76 77 78 79 80 82 83 86 92 93 95 105 106 107 111
68: 0 2 3 4 5 8 12 13 14 16 17 21 22 23 32 36 37 38 40 41 45 46 47 60 72 73 74 76 77 78 79 80 82 83 84 90 91 94 112 114 115 118
69: 0 2 3 4 5 8 12 13 14 16 17 21 22 23 24 26 27 28 29 30 42 43 44 50 72 73 74 76 77 78 79 80 82 83 84 90 91 94 99 100 101 109
70: 0 2 3 4 5 6 12 13 14 16 17 18 19 20 24 26 27 28 29 30 36 37 38 40 41 42 43 44 54 78 79 80 82 83 86 92 93 95 102 103 104 110
71: 0 2 3 4 5 6 12 13 14 16 17 18 19 20 24 26 27 28 29 30 36 37 38 40 41 42 43 44 48 72 73 74 76 77 84 90 91 94 96 97 98 108
72: 17 20 21 23 27 28 29 41 42 43 44 45 47 51 52 53 54 55 57 58 59 65 66 67 68 69 71 95 98 99 101 102 103 104 105 107 108 109 110 111 113 119
73: 9 10 11 15 24 25 26 30 31 33 34 35 39 51 52 53 54 55 57 58 59 65 66 67 68 69 71 89 98 99 101 102 103 104 105 107 108 109 110 111 113 119
74: 16 18 19 22 27 28 29 30 31 33 34 35 41 42 43 44 45 47 51 52 53 65 66 67 68 69 71 93 96 97 100 102 103 104 105 107 108 109 110 111 113 117
75: 3 4 5 13 27 28 29 30 31 33 34 35 41 42 43 44 45 47 48 49 50 54 55 57 58 59 63 83 96 97 100 102 103 104 105 107 108 109 110 111 113 117
76: 6 7 8 14 24 25 26 30 31 33 34 35 39 42 43 44 45 47 48 49 50 54 55 57 58 59 63 66 67 68 69 71 87 98 99 101 108 109 110 111 113 119
77: 0 1 2 12 24 25 26 30 31 33 34 35 39 42 43 44 45 47 48 49 50 54 55 57 58 59 63 66 67 68 69 71 81 96 97 100 102 103 104 105 107 117
78: 3 4 5 17 18 19 20 21 23 41 44 45 47 48 49 51 52 53 57 58 59 64 66 67 68 69 70 94 96 97 98 99 101 104 105 107 108 109 110 111 112 118
79: 0 1 2 6 7 9 10 11 15 33 34 35 39 48 49 51 52 53 57 58 59 64 66 67 68 69 70 88 96 97 98 99 101 104 105 107 108 109 110 111 112 118
80: 3 4 5 6 7 9 10 11 17 18 19 20 21 23 40 42 43 46 57 58 59 64 66 67 68 69 70 91 96 97 98 99 101 102 103 106 108 109 110 111 112 115
81: 3 4 5 6 7 9 10 11 17 18 19 20 21 23 27 28 29 37 48 49 51 52 53 54 55 56 61 77 96 97 98 99 101 102 103 106 108 109 110 111 112 115
82: 0 1 2 6 7 9 10 11 15 18 19 20 21 23 30 31 32 38 48 49 51 52 53 54 55 56 61 66 67 68 69 70 85 104 105 107 108 109 110 111 112 118
83: 0 1 2 6 7 9 10 11 15 18 19 20 21 23 24 25 26 36 48 49 51 52 53 54 55 56 61 66 67 68 69 70 75 96 97 98 99 101 102 103 106 115
84: 9 10 11 16 18 19 20 21 22 24 25 27 28 29 33 34 35 40 42 43 44 45 46 65 68 69 71 92 96 97 98 99 100 102 103 104 105 106 110 111 113 116
85: 0 1 3 4 5 6 7 8 13 24 25 27 28 29 33 34 35 40 42 43 44 45 46 57 58 59 63 82 96 97 98 99 100 102 103 104 105 106 110 111 113 116
86: 0 1 3 4 5 9 10 11 16 18 19 20 21 22 33 34 35 40 42 43 44 45 46 64 66 67 70 90 96 97 98 99 100 102 103 104 105 106 108 109 112 114
87: 0 1 3 4 5 9 10 11 16 18 19 20 21 22 24 25 27 28 29 30 31 32 37 51 52 53 61 76 96 97 98 99 100 102 103 104 105 106 108 109 112 114
88: 0 1 3 4 5 6 7 8 13 18 19 20 21 22 24 25 27 28 29 30 31 32 37 42 43 44 45 46 54 55 56 62 79 102 103 104 105 106 110 111 113 116
89: 0 1 3 4 5 6 7 8 13 18 19 20 21 22 24 25 27 28 29 30 31 32 37 42 43 44 45 46 48 49 50 60 73 96 97 98 99 100 108 109 112 114
90: 6 7 8 10 11 14 20 21 23 24 25 26 28 29 30 31 32 34 35 38 44 45 47 48 49 50 52 53 54 55 56 58 59 62 68 69 71 86 110 111 113 119
91: 0 1 2 4 5 12 18 19 22 24 25 26 28 29 30 31 32 34 35 38 44 45 47 48 49 50 52 53 54 55 56 58 59 62 68 69 71 80 104 105 107 117
92: 0 1 2 4 5 6 7 8 10 11 14 20 21 23 30 31 32 34 35 38 44 45 47 48 49 50 52 53 54 55 56 58 59 60 66 67 70 84 108 109 112 118
93: 0 1 2 4 5 6 7 8 10 11 14 20 21 23 24 25 26 28 29 36 42 43 46 48 49 50 52 53 54 55 56 58 59 60 66 67 70 74 98 99 101 115
94: 0 1 2 4 5 6 7 8 10 11 12 18 19 22 24 25 26 28 29 30 31 32 34 35 36 42 43 46 54 55 56 58 59 62 68 69 71 78 102 103 106 116
95: 0 1 2 4 5 6 7 8 10 11 12 18 19 22 24 25 26 28 29 30 31 32 34 35 36 42 43 46 48 49 50 52 53 60 66 67 70 72 96 97 100 114
96: 14 15 17 23 26 27 29 36 37 38 39 41 47 50 51 53 54 55 56 57 59 60 61 62 63 65 71 74 75 77 78 79 80 81 83 84 85 86 87 89 95 119
97: 8 9 11 21 24 25 28 30 31 32 33 35 45 50 51 53 54 55 56 57 59 60 61 62 63 65 71 74 75 77 78 79 80 81 83 84 85 86 87 89 95 113
98: 12 13 16 22 26 27 29 30 31 32 33 35 36 37 38 39 41 47 50 51 53 60 61 62 63 65 71 72 73 76 78 79 80 81 83 84 85 86 87 89 93 117
99: 2 3 5 19 26 27 29 30 31 32 33 35 36 37 38 39 41 47 48 49 52 54 55 56 57 59 69 72 73 76 78 79 80 81 83 84 85 86 87 89 93 107
100: 6 7 10 20 24 25 28 30 31 32 33 35 36 37 38 39 41 45 48 49 52 54 55 56 57 59 60 61 62 63 65 69 74 75 77 84 85 86 87 89 95 111
101: 0 1 4 18 24 25 28 30 31 32 33 35 36 37 38 39 41 45 48 49 52 54 55 56 57 59 60 61 62 63 65 69 72 73 76 78 79 80 81 83 93 105
102: 2 3 5 12 13 14 15 17 23 38 39 41 47 48 49 50 51 53 56 57 59 60 61 62 63 64 70 72 73 74 75 77 80 81 83 84 85 86 87 88 94 118
103: 0 1 4 6 7 8 9 11 21 32 33 35 45 48 49 50 51 53 56 57 59 60 61 62 63 64 70 72 73 74 75 77 80 81 83 84 85 86 87 88 94 112
104: 2 3 5 6 7 8 9 11 12 13 14 15 17 23 36 37 40 46 56 57 59 60 61 62 63 64 70 72 73 74 75 77 78 79 82 84 85 86 87 88 91 115
105: 2 3 5 6 7 8 9 11 12 13 14 15 17 23 26 27 29 43 48 49 50 51 53 54 55 58 67 72 73 74 75 77 78 79 82 84 85 86 87 88 91 101
106: 0 1 4 6 7 8 9 11 12 13 14 15 17 21 30 31 34 44 48 49 50 51 53 54 55 58 60 61 62 63 64 67 80 81 83 84 85 86 87 88 94 109
107: 0 1 4 6 7 8 9 11 12 13 14 15 17 21 24 25 28 42 48 49 50 51 53 54 55 58 60 61 62 63 64 67 72 73 74 75 77 78 79 82 91 99
108: 8 9 11 12 13 14 15 16 22 24 25 26 27 29 32 33 35 36 37 38 39 40 46 62 63 65 71 72 73 74 75 76 78 79 80 81 82 86 87 89 92 116
109: 0 1 2 3 5 6 7 10 19 24 25 26 27 29 32 33 35 36 37 38 39 40 46 56 57 59 69 72 73 74 75 76 78 79 80 81 82 86 87 89 92 106
110: 0 1 2 3 5 8 9 11 12 13 14 15 16 22 32 33 35 36 37 38 39 40 46 60 61 64 70 72 73 74 75 76 78 79 80 81 82 84 85 88 90 114
111: 0 1 2 3 5 8 9 11 12 13 14 15 16 22 24 25 26 27 29 30 31 34 43 50 51 53 67 72 73 74 75 76 78 79 80 81 82 84 85 88 90 100
112: 0 1 2 3 5 6 7 10 12 13 14 15 16 19 24 25 26 27 29 30 31 34 36 37 38 39 40 43 54 55 58 68 78 79 80 81 82 86 87 89 92 103
113: 0 1 2 3 5 6 7 10 12 13 14 15 16 19 24 25 26 27 29 30 31 34 36 37 38 39 40 43 48 49 52 66 72 73 74 75 76 84 85 88 90 97
114: 6 7 8 9 10 14 15 17 20 24 25 26 27 28 30 31 32 33 34 38 39 41 44 48 49 50 51 52 54 55 56 57 58 62 63 65 68 86 87 89 95 110
115: 0 1 2 3 4 12 13 16 18 24 25 26 27 28 30 31 32 33 34 38 39 41 44 48 49 50 51 52 54 55 56 57 58 62 63 65 68 80 81 83 93 104
116: 0 1 2 3 4 6 7 8 9 10 14 15 17 20 30 31 32 33 34 38 39 41 44 48 49 50 51 52 54 55 56 57 58 60 61 64 66 84 85 88 94 108
117: 0 1 2 3 4 6 7 8 9 10 14 15 17 20 24 25 26 27 28 36 37 40 42 48 49 50 51 52 54 55 56 57 58 60 61 64 66 74 75 77 91 98
118: 0 1 2 3 4 6 7 8 9 10 12 13 16 18 24 25 26 27 28 30 31 32 33 34 36 37 40 42 54 55 56 57 58 62 63 65 68 78 79 82 92 102
119: 0 1 2 3 4 6 7 8 9 10 12 13 16 18 24 25 26 27 28 30 31 32 33 34 36 37 40 42 48 49 50 51 52 60 61 64 66 72 73 76 90 96
